1057 1078
1057 478
1057 1100
1057 1489
1057 1421
1057 1075
1057 2686
1057 2458
1057 805
1057 856
1057 2271
1057 1058
1057 1914
1057 1293
1057 1323
1057 1595
1057 738
1057 84
1057 2113
1057 2131
1057 2060
1057 836
1057 496
1057 864
1057 2036
1057 2334
1057 1910
1057 278
1057 2649
1057 618
1057 1868
1057 2609
1057 557
1057 85
1057 2532
1057 1427
1057 2185
1057 1266
1057 1242
1057 279
1057 1924
1057 2449
1057 1573
1057 887
1057 2360
1057 1071
1057 625
1057 2648
1057 1136
1057 1866
1057 733
1057 1505
1057 1803
1057 10
1057 882
1057 815
1057 1059
1057 1915
1057 1958
1057 215
1057 1246
1057 2005
1057 735
1057 1218
1057 2028
1057 549
1057 1838
1057 955
1057 1232
1057 1824
1057 2490
1057 1194
1057 1372
1057 1841
1057 2278
1057 2283
1057 1305
1057 2553
1057 1559
1057 57
1057 781
1057 2220
1057 2457
1057 626
1057 2378
1057 1991
1057 99
1057 2452
1057 2352
1057 1431
1057 915
1057 1381
1057 1898
1057 313
1057 1684
1057 1089
1057 1714
1057 943
1057 995
1057 1018
1057 13
1057 959
1057 2372
1057 546
1057 55
1057 1010
1057 1734
1057 542
1057 458
1057 875
1057 2476
1057 993
1057 668
1057 2604
1057 2018
1057 354
1057 1234
1057 2526
1057 2387
1057 488
1057 804
1057 1713
1057 2472
1057 1836
1057 280
1057 1413
1057 1445
1057 1002
1057 797
1057 1039
1057 1740
1057 743
1057 644
1057 2013
1057 861
1057 1012
1057 1544
1057 782
1057 2217
1057 1789
1057 789
1057 2224
1057 910
1057 1854
1057 2492
1057 760
1057 868
1057 2228
1057 779
1057 835
1057 2324
1057 1526
1057 412
1057 1
1057 634
1057 2232
1057 532
1057 2391
1057 364
1057 1298
1057 558
1057 1727
1057 2399
1057 2085
1057 1443
1057 1981
152 1108
152 1455
152 733
94 2420
94 2239
94 202
94 285
94 2357
94 968
94 876
94 7
94 837
94 2413
94 2201
94 627
94 1961
94 2197
94 582
94 1404
94 941
94 1164
94 341
94 931
94 2165
94 476
94 2226
94 1470
94 702
94 570
94 2469
94 1195
94 2284
94 2024
94 1948
94 1711
94 284
94 1516
94 877
94 1233
94 2189
94 406
94 2182
94 385
94 791
94 2558
2120 1617
2120 1243
2120 2137
2120 2582
2120 2409
2120 1569
2120 764
2120 1470
2120 702
2120 2403
2120 1376
2120 2469
2120 1195
2120 2284
2120 1516
2120 1488
2120 157
582 7
582 1830
582 2284
582 791
1404 1625
1404 171
1404 2284
628 2335
628 1619
1312 2072
1312 2050
1312 1088
2024 1820
1507 420
1314 2687
1314 1811
1314 1156
1314 2046
1156 2687
1156 2629
1156 2046
2085 2521
2085 1144
2085 1947
2085 2458
2085 587
2085 1660
2085 1505
2085 1865
2085 923
2085 1127
2085 2137
2085 2401
2085 334
2085 781
2085 2375
2085 1405
2085 2548
2085 1528
2085 655
2085 1089
2085 2041
2085 1570
2085 737
2085 1968
2085 2671
2085 568
2085 2558
1884 1962
1884 1063
1884 1447
1884 8
1884 1882
1884 180
1884 2514
2514 2443
2514 1063
2514 1174
2514 414
2514 1814
2514 39
2514 1254
2514 997
2514 399
2514 1780
2514 261
2514 971
2514 222
2514 1882
2514 2211
2514 2491
2514 650
2514 203
2514 588
2514 384
2514 1541
2514 2153
2514 764
2514 1034
2514 1306
2514 1775
2514 180
2514 2419
2514 580
2514 1567
2514 45
2514 595
2514 710
2514 1318
2514 2487
2514 244
2514 2411
2514 1648
2514 2482
2514 2182
2514 1271
185 1130
185 583
185 2135
185 549
185 1500
185 1615
185 2669
185 1678
1060 2145
1060 1491
1060 2669
2370 2135
2370 2145
2370 1491
2370 2669
2370 1060
2706 799
2706 2669
2706 1784
1068 2448
1068 100
1068 2692
1068 2083
1068 1548
1078 2448
1078 226
2448 1548
289 2448
289 226
289 1273
2147 297
2147 675
2147 1509
118 535
118 1176
118 202
118 1240
888 1176
888 2373
888 182
888 1348
888 2670
1582 1299
1582 1900
1582 2010
1582 2291
1582 1851
1582 317
1582 482
1582 2072
1582 416
1582 756
1582 426
1582 2567
1582 1224
1582 2283
1582 1486
1582 2276
1582 2483
1582 1913
1582 1423
1582 1997
1582 1347
1582 574
1582 1996
1582 1055
1582 1998
1582 934
1582 1597
1582 1364
1582 1844
1582 1398
1582 844
1582 2505
1886 537
1886 976
1886 125
1886 69
1886 2347
1886 1916
1886 800
1886 2404
1886 2647
1886 1447
1886 1053
1886 500
1886 1550
1886 1720
1886 2219
1886 1022
1886 2388
1886 149
1886 1077
1886 1925
1886 1933
1886 2322
1886 1115
1886 1221
1886 1604
1886 1079
1886 222
1886 1112
1886 1546
1886 1879
1886 1530
1886 1953
1886 122
1886 680
1886 1264
1886 1062
1886 923
1886 1995
1886 957
1886 1351
1886 2019
1886 1590
1886 1149
1886 183
1886 2393
1886 1576
1886 2708
1886 2412
1886 1306
1886 1462
1886 2429
1886 1567
1886 2259
1886 1996
1886 206
1886 715
1886 1400
1886 1873
1886 749
1886 188
1886 951
1886 589
1886 1531
1886 2497
1886 335
1886 863
1886 2502
1886 2394
1886 30
1886 2659
1886 1259
1886 1539
1886 1004
1886 1637
2450 441
2450 2363
2450 706
2450 1593
2450 404
2450 763
2450 1724
2450 353
2450 686
2450 1738
2450 1625
2450 2035
2450 2332
2450 2338
2450 2566
2450 1867
215 1075
215 2532
215 1242
215 1839
215 279
215 887
215 315
215 2186
215 808
215 13
215 2472
215 51
215 2324
215 412
215 1298
2186 808
2426 1935
2426 2071
2426 703
2426 40
2426 70
2549 2179
575 2657
1222 1825
1222 1617
1409 336
1409 2063
1367 60
849 2384
849 583
849 1409
849 2063
1701 50
1701 211
1701 1101
1701 1409
88 1492
88 1457
88 738
88 549
549 1602
549 583
549 2064
549 987
549 1757
549 575
549 1451
549 123
1361 1602
1361 799
1361 1101
1361 1127
1361 1500
1361 1342
1361 512
1361 1211
1361 2027
1361 301
1587 2508
1587 1416
1587 1579
1587 831
1587 360
1587 1987
1587 2533
1587 18
1587 2451
1934 2508
1934 1903
1934 1633
1934 2432
1934 2229
2453 348
2453 1911
2453 2434
2453 579
2453 823
2453 221
2453 1120
2158 2327
2158 1547
2158 355
2158 470
2158 1416
2158 1076
2158 647
2158 2076
2158 353
2158 236
2158 2159
2158 1503
2158 767
2158 989
2158 1640
2158 426
2158 2
2158 1822
2158 1486
2158 18
2158 1965
2158 2223
2158 2530
2158 600
2158 1055
2158 1001
2158 323
2158 1597
2158 1364
2158 1511
2376 111
2376 218
2376 786
2376 1967
2376 273
2376 2246
2376 1606
2376 78
2376 1217
2376 1246
2376 2438
2376 1565
2376 1880
2376 1226
2376 4
2376 2589
2376 2670
2376 2192
1895 1378
1895 820
1895 913
1895 29
1895 273
1895 1424
1895 2346
1895 78
1895 2438
1895 11
1895 2273
1895 274
1895 346
2254 2610
2254 1869
2254 2473
2254 252
2254 1779
2254 1343
2254 2682
2254 2587
2254 784
2254 1478
2254 1931
2254 2266
2254 1183
2254 2257
2254 134
2254 1655
2254 2132
161 1897
1097 1800
1097 265
1097 2610
1097 1173
1097 1869
1097 2473
1097 252
1097 526
1097 1779
1097 1079
1097 552
1097 2587
1097 159
1097 2254
1097 1931
1097 2418
1097 964
1097 1812
1097 366
1097 2266
1097 621
1097 247
1097 2474
1097 2257
1097 134
1097 1655
1097 2230
1097 2132
548 985
548 1418
548 1214
548 553
624 2347
624 985
624 265
624 1649
624 2048
624 399
624 1291
624 846
624 384
624 2475
624 548
624 1214
624 553
624 2414
624 1189
624 2487
624 1374
1214 1649
1214 2475
1214 548
1214 553
1214 1374
616 1244
616 1207
616 2595
616 676
1615 1959
1615 2261
1615 2545
525 741
525 2247
525 2422
525 2142
525 1763
525 123
60 1403
60 1492
60 1808
60 123
1342 2691
1342 745
1342 1409
1342 849
1342 2063
2063 1403
2063 1492
2063 1787
2063 1499
2356 654
2356 1492
2356 1787
2356 2674
2356 1409
2356 1652
2356 1999
2356 170
1096 1030
1096 473
1096 360
1096 858
1096 1952
793 1842
793 824
793 1817
793 953
793 473
793 360
793 1956
793 2637
793 1976
793 1198
793 1642
793 1325
793 1952
793 248
793 2546
1642 1842
1642 473
1642 1198
1642 793
1642 1325
1642 1952
1642 248
1642 2546
86 2327
86 2315
86 2047
86 934
86 352
774 1428
774 1076
774 2565
774 2093
774 1553
774 1255
774 169
774 462
774 1286
774 444
774 1965
774 479
774 1356
774 2632
774 1634
2002 1065
2002 419
2002 256
2002 1892
2002 1552
2002 970
2002 1337
2002 1113
2002 2315
2002 2212
2002 1308
2002 639
2002 92
2002 1818
2002 1056
2002 867
2002 109
1706 2157
1706 2171
1706 1804
1706 201
1706 1217
1706 2442
1645 201
1645 987
1645 1757
1645 1217
1645 2315
2297 1815
2297 1489
2297 1421
2297 1517
2297 1584
2297 638
2297 414
2297 1461
2297 991
2297 1698
2297 1972
2297 899
2297 1077
2297 848
2297 2440
2297 724
2297 1382
2297 2322
2297 1221
2297 750
2297 515
2297 1215
2297 1131
2297 122
2297 167
2297 1357
2297 1859
2297 1062
2297 2126
2297 1610
2297 183
2297 783
2297 212
2297 1607
2297 1370
2297 1385
2297 2021
2297 952
2297 829
2297 2195
2297 469
2297 1506
2297 1245
2297 2369
2297 45
2297 2259
2297 97
2297 112
2297 1181
2297 604
2297 1465
2297 2405
2297 2641
2297 364
2297 2497
2297 2502
2297 1974
2297 242
2297 30
2297 1539
2297 231
2031 2471
2031 1666
2031 2392
2031 649
2031 1295
2031 1557
2031 1026
2031 738
2031 2698
2031 1633
2031 1460
2031 2315
2031 833
2031 2035
2031 1845
2031 212
2031 1228
2031 1559
2031 2070
2031 2213
2031 639
2031 2432
2031 546
2031 1434
2031 533
2031 541
2031 2680
2031 1998
2031 46
2031 2180
2031 2163
2031 670
34 2392
34 1903
34 2698
34 1845
34 2529
34 2225
34 46
2533 2157
2533 2171
2533 144
2533 446
2533 1587
2533 506
2533 2615
2533 46
2533 442
1396 2171
1396 934
1926 144
1926 2315
1926 2533
1926 2070
1926 2478
2070 2442
1630 1906
1630 1804
1630 2533
1630 1308
1630 1441
1630 2442
1493 1463
1493 786
1493 636
1493 1989
1493 646
1493 2483
1493 1913
1493 1849
1493 1226
1493 1917
1493 1333
1493 231
2669 799
2669 549
2669 1500
2669 512
1155 2025
316 501
316 2599
316 734
1908 1358
1908 133
1908 1947
1908 349
1908 1802
1908 1629
1908 2127
2289 1524
2289 2157
2289 2293
2289 414
2289 577
2289 1579
2289 29
2289 1665
2289 1447
2289 477
2289 257
2289 703
2289 2380
2289 8
2289 2091
2289 410
2289 77
2289 321
2289 650
2289 1956
2289 827
2289 1964
2289 2426
2289 2548
2289 1480
2289 2213
2289 2179
2289 2461
2289 1761
2289 2595
2289 1035
2289 1908
2289 1629
2289 16
2289 749
2289 475
2289 143
2289 1048
1349 2534
1349 2484
1349 2421
1349 8
1349 1551
1349 2058
1349 2426
1349 1106
1349 1901
1349 2195
1349 1761
1349 1629
1349 58
1349 1205
1349 2037
1349 742
1936 2597
2510 537
2510 100
2510 1989
2510 1550
2510 300
2510 1077
2510 1263
2510 1933
2510 2197
2510 1582
2510 582
2510 10
2510 62
2510 2535
2510 1964
2510 2019
2510 341
2510 764
2510 476
2510 253
2510 1619
2510 1570
2510 284
2510 434
2510 877
2510 519
2510 737
2510 1488
2510 715
2510 1436
2510 1531
2510 2558
2503 723
155 2395
155 2661
155 665
155 318
155 712
155 2024
155 1813
155 1597
155 2668
4 426
4 14
4 2040
4 600
1132 379
1132 1352
1132 1477
1132 865
1132 566
1132 1702
1132 881
1132 723
1132 35
1132 631
1132 755
1132 669
1132 442
1132 902
2338 441
1045 640
2430 1378
2430 913
2430 1606
2430 1424
2430 360
2430 1217
1763 686
1763 1158
1763 1394
1763 1733
1763 2566
1394 686
1394 1973
1394 1433
1394 1011
1394 1158
1394 1031
1394 1733
1733 686
1733 1031
1733 1394
2025 686
2025 1394
2025 1733
1952 448
1952 1168
1952 473
1952 1978
1952 1096
1952 793
1952 136
1952 1325
1952 79
1952 248
1952 1969
1449 2149
1449 1859
1449 83
1449 1618
1449 1025
1189 2347
1189 1649
1189 2048
1189 1418
1189 399
1189 1291
1189 1079
1189 1938
1189 2475
1189 548
1189 624
1189 553
1189 1721
1189 2221
1189 1374
2663 1800
2663 2187
2663 2133
595 971
595 77
595 1541
595 2514
2001 219
2001 663
2001 2261
2001 2545
2001 1999
2487 1814
2487 2514
1212 1299
1212 1307
1212 2321
1212 633
2386 1299
2386 355
2386 913
2386 1457
2386 2657
2386 2180
2386 352
2386 2163
2670 2240
2670 1850
2670 635
2670 1565
2670 2097
490 257
490 884
490 28
490 1454
490 2344
1570 2644
1570 1563
1570 1263
1570 63
1570 341
1570 758
1570 284
1570 737
1570 1488
758 1405
284 1961
373 1104
373 876
373 1989
373 1404
373 1865
373 1644
373 1569
373 1536
164 2357
164 2600
164 1263
164 1560
164 1830
164 1766
434 2204
434 1517
434 2214
434 1546
434 826
434 1370
434 2297
434 1767
877 2214
877 1963
877 1470
877 1711
877 2509
877 2558
1852 2116
1852 1575
1852 1190
1852 1964
1852 1440
1852 47
1852 570
1852 1195
1852 385
1852 765
1852 2588
519 2214
737 2521
737 2420
737 1685
737 2357
737 2644
737 1104
737 1563
737 968
737 2116
737 1946
737 876
737 919
737 1947
737 2274
737 2075
737 587
737 1550
737 1340
737 837
737 300
737 821
737 499
737 1641
737 1543
737 540
737 1263
737 2197
737 1505
737 582
737 2016
737 1865
737 63
737 1625
737 2614
737 923
737 2564
737 341
737 2511
737 1830
737 1644
737 119
737 1742
737 1236
737 1569
737 2165
737 764
737 2226
737 702
737 570
737 947
737 1405
737 2548
737 2055
737 829
737 1195
737 1767
737 2024
737 1948
737 1711
737 2041
737 1570
737 284
737 373
737 434
737 519
737 1488
737 1968
737 1233
737 145
737 121
737 1596
737 1436
737 1823
737 1766
737 2182
737 791
1488 1685
1488 285
1488 2686
1488 1951
1488 1961
1488 1933
1488 1138
1488 2197
1488 1625
1488 1243
1488 2019
1488 931
1488 1370
1488 764
1488 337
1488 171
1488 1195
1488 1767
1488 284
1488 434
1488 877
1488 1968
1488 145
1488 715
1488 162
1488 1955
1488 15
1488 2505
1968 627
1968 145
2194 1989
2194 1550
2194 499
2194 940
2194 1536
2194 2558
1233 1865
1233 373
1233 145
145 1470
145 171
145 373
178 435
178 1320
178 1878
178 1335
977 763
977 1065
977 347
977 867
2241 2110
2241 353
2241 27
2241 1267
533 1295
533 1967
533 937
533 369
533 787
533 1460
533 1490
533 2035
533 1845
