1187 2265
1187 1647
1187 1737
1187 2275
1187 1795
1187 1636
1187 1705
1187 2578
1187 76
1187 700
1187 1090
1187 276
1187 1049
200 375
200 520
200 653
200 61
200 2507
200 2622
200 23
2073 1804
2073 2256
2073 2432
2073 23
89 208
89 711
89 1541
89 2303
89 692
89 1664
89 463
89 1425
89 1042
89 2174
89 918
1385 2146
1385 2340
1759 1146
1759 1840
700 141
700 2188
700 1636
700 1849
1849 1636
770 2404
770 2010
770 878
770 2626
770 1385
770 407
770 1684
770 2683
770 2229
770 361
1663 58
1663 263
1583 632
1583 505
1583 983
1583 950
1583 244
1583 2433
1480 2426
1480 475
1901 1888
2403 2413
1366 2381
1366 2484
1366 1726
1366 605
1366 1510
1366 91
1366 1128
1366 2042
2547 219
2547 2545
440 1487
440 53
440 14
2021 1037
2021 2049
2021 2154
356 1717
356 189
356 1855
356 771
356 759
2038 2249
2038 356
2038 1855
2038 771
2038 759
1309 1421
1309 1071
1309 1136
1309 1898
1309 644
1309 2641
1898 1421
1898 2557
313 1421
313 1839
313 279
313 797
313 644
1735 350
1735 615
2341 2436
2341 1040
2341 2639
2341 422
2341 1561
2341 2066
2341 1523
2341 2574
2341 2543
2341 306
2341 1797
2341 2136
2341 998
2543 2066
2543 2136
2543 998
306 2066
306 2543
306 998
223 1962
223 1746
180 1962
2154 111
2154 1337
2154 1165
606 1052
606 1034
2643 2373
2643 1235
2643 115
1684 805
1684 1874
1684 773
1684 1339
1684 2490
1684 1518
1684 2123
1684 57
1684 2683
1684 1010
1684 1354
1684 965
2577 619
2577 952
2577 1827
952 2201
655 1748
655 2695
655 2517
655 1889
1534 2193
1534 1514
1534 1825
1534 124
1534 1222
1534 1788
1534 1196
2179 1437
2179 1489
2179 800
2179 1051
2179 1670
2179 1351
2179 713
2179 1005
2179 1300
2179 1279
2702 289
2702 805
2702 472
2702 55
829 2262
829 334
829 912
2419 1737
2419 2275
2419 1795
2419 443
2195 1581
2195 1551
2195 1737
2195 2275
2195 1795
2195 891
2195 708
2195 1646
2195 469
2195 1506
2195 817
2195 1708
2195 612
1932 1994
1932 2564
1932 484
996 1687
996 786
996 2291
996 2491
996 1412
996 2350
996 2236
996 945
996 2179
996 1253
996 1348
996 2676
497 786
497 2654
497 1967
497 506
497 346
1137 2244
1137 937
1137 369
1137 787
1137 1490
1137 1432
1137 2576
1619 2576
1308 256
1308 1337
1308 154
1452 1825
1452 1404
1452 2539
1452 2613
1452 623
1452 930
1562 579
1562 1141
1562 2158
1562 1212
1562 323
1341 1022
1341 780
778 1581
2461 91
2613 1825
2613 124
2613 1994
2613 1510
2613 484
1089 601
1089 2043
1089 126
1089 544
1089 906
1089 117
1089 264
1089 1015
1089 2041
1089 2407
1089 990
1195 1921
2074 1301
2074 1408
2074 2164
2074 1893
2074 362
2074 732
1949 285
1949 1647
1949 2040
1949 1577
1949 2192
1949 2509
1170 564
383 1130
383 2652
383 1091
1211 512
1678 1130
1678 2078
2057 2410
2057 1678
2432 1295
2432 2319
1558 908
1558 1029
1558 766
1558 839
1558 390
1558 1876
1558 1329
1558 277
1558 462
1558 2031
1558 1689
1558 1434
1558 1347
1558 2689
1558 2248
1558 885
1441 2212
1441 1308
1441 1287
1441 921
1287 2392
1287 1552
1287 2031
1287 533
23 1804
23 2256
23 2432
983 214
983 612
983 377
214 612
214 834
2284 1404
808 2186
110 788
110 597
110 1654
110 1620
110 1243
110 2637
110 338
110 271
110 2622
110 793
110 1862
110 1755
110 1140
110 1564
110 795
110 128
110 1107
110 1498
2544 893
2544 2105
1746 893
1790 1982
536 1982
536 826
221 726
221 750
221 937
221 369
221 787
221 1490
221 628
221 1434
221 2088
692 2303
692 2174
692 102
1555 590
1555 2291
1555 1552
1555 840
1555 1113
1555 1818
1555 1056
825 2534
747 2116
747 714
747 65
1661 2267
995 1078
995 1273
995 2441
995 1519
995 1218
995 2028
995 1838
995 344
995 2604
995 2013
995 990
958 1720
958 948
958 617
958 1462
182 1027
871 1363
2176 449
2176 1363
2176 871
2176 225
2176 902
580 2443
457 2443
457 2305
2183 2455
2250 806
2250 371
2250 2126
2418 2414
2418 1374
1090 107
1090 76
1090 276
2280 1428
2280 1009
2280 2077
2302 1912
13 2060
344 2334
344 1803
344 370
344 1714
344 995
344 2604
2464 2490
2464 1679
2464 25
1093 2094
1093 2273
436 607
436 2567
436 1226
436 631
436 442
631 342
631 1669
631 689
631 2567
631 446
631 506
631 436
631 442
1928 1685
1928 321
593 790
593 2436
593 422
593 1561
593 306
593 2136
1535 596
1535 48
2683 1078
2683 289
2683 1061
2683 2441
2683 2028
2683 2123
2683 1354
2683 965
2683 2684
2372 1872
2372 2324
82 586
82 600
1629 2350
572 342
95 939
95 1692
95 2654
95 1284
95 2093
95 1553
95 1272
95 114
95 1341
95 1773
95 1993
95 2705
1253 1348
454 1990
454 1348
1993 939
1993 1284
1993 2549
1993 1773
2658 728
2658 661
2658 347
2658 1928
2658 977
2349 1031
2561 729
2561 2466
2561 1088
2642 1365
45 83
45 1541
571 83
571 45
2190 596
2190 48
1010 596
1010 2041
2520 596
956 2329
956 2653
956 679
956 1464
2259 1274
2259 1204
2259 2474
2259 951
1434 2070
1434 46
331 1193
1193 331
18 2533
18 274
1965 355
1965 2223
1965 2530
2223 2661
2530 2223
817 925
817 2195
817 708
817 1708
817 340
1708 925
1708 708
1708 1506
1853 2494
1853 1760
1853 172
40 58
696 769
2678 2034
2678 895
1616 938
1862 271
393 351
393 1654
393 271
393 110
393 1862
2160 271
2160 1862
1577 1688
1577 682
1577 2703
1577 40
1885 734
1885 1052
1885 1203
1885 606
2090 2599
2090 1052
2090 1885
2090 513
513 501
513 2222
513 1977
2079 168
1185 113
1185 1032
1241 113
1241 853
1241 1185
1032 113
97 855
97 983
97 746
346 1378
1347 1026
395 1633
395 1036
935 1724
935 1395
875 601
875 139
875 1145
875 245
875 1216
875 906
875 2468
875 2140
875 357
875 1656
875 494
875 1413
875 437
875 861
2476 850
2476 286
2476 2570
2476 2704
2476 483
2476 147
2476 1413
2476 1444
2476 1848
2476 287
2476 779
1657 1058
1657 2334
1657 1413
1657 1445
1657 1484
1657 326
1657 287
1657 394
1391 2001
391 2559
43 2117
802 2385
802 2121
802 2566
471 2121
1948 2542
994 2541
994 641
994 1807
994 2124
994 993
994 288
994 1260
2124 2541
2124 641
2124 2649
2124 1807
2124 882
2124 993
2124 2673
2124 2680
2124 288
2124 2324
993 2541
993 1294
993 1807
993 288
1395 1724
1395 2579
1395 32
1395 1296
1395 466
1985 476
1985 33
1985 1508
1508 2036
1508 224
1508 476
1508 33
1508 267
1326 1549
1326 2337
1326 2444
1326 544
1326 2375
1326 117
1326 264
1326 1015
1326 2041
1326 2407
1326 760
1348 1730
610 1723
610 324
2279 2175
2279 225
1200 518
225 26
225 2175
225 2279
2504 1750
2504 730
2504 1180
1672 717
1672 380
2697 380
420 1695
420 380
1711 1440
1318 2008
1318 510
978 2131
978 851
978 215
978 1309
978 1650
978 2324
2589 1424
2367 111
2367 17
2367 142
2367 24
2367 2670
287 1922
1827 2577
2512 1215
2512 1131
2512 167
2512 1709
2512 783
2512 1607
2512 2483
2512 231
2181 713
2181 1005
1005 713
1300 713
1466 541
990 226
990 126
990 96
990 2375
990 2684
2304 2684
1758 2692
255 464
255 2
255 920
58 1663
58 40
58 263
400 20
400 246
400 2620
400 2685
400 1768
112 642
657 1772
1205 594
1205 825
1497 192
394 2704
2616 409
2616 1124
2673 1807
2680 2615
2680 2268
2680 1922
1171 1063
1162 2292
1162 27
1162 729
1219 1906
1219 1419
2676 1113
2676 911
2676 90
2676 1586
323 2076
323 767
323 989
323 41
323 1586
2517 1091
2517 383
2517 2027
2517 1784
2517 1889
116 2233
116 24
2189 2239
2671 823
2671 1562
2671 1219
794 198
794 1066
794 1522
794 21
1388 2598
1388 2605
1388 1066
1388 72
1388 1871
1388 365
1388 794
1388 1231
1388 21
1388 1950
1821 2162
1821 1680
1821 184
2192 342
2192 2246
2192 293
2192 2040
934 342
934 2051
2228 1868
2228 2570
2228 2476
2228 1444
2228 779
779 904
779 1922
1984 2570
1984 1444
1984 1848
1984 779
46 670
1377 2519
1377 670
1070 1749
1070 2408
1070 132
1070 1248
1070 1024
1356 2550
1356 2705
2300 1304
2300 2550
2300 2707
835 869
835 1415
1833 1415
612 214
834 214
377 2634
377 1861
377 1843
377 1761
377 214
2146 1385
2146 2340
2340 1385
2411 1174
1269 1487
1269 1647
1269 682
1269 723
1269 1043
1269 1949
1269 1577
629 1846
629 2323
629 792
292 2385
292 471
1992 1088
2636 1800
2636 2187
2636 2133
2636 621
1028 1697
1028 1390
1028 1182
2324 1824
2324 1526
1526 1824
749 257
2515 2654
2515 820
431 2384
431 1499
538 2384
538 2116
538 65
538 1499
538 431
1186 1370
1186 1619
785 618
785 1677
785 2032
1283 1517
1230 1310
1230 2111
2242 1106
2242 742
676 1826
2405 1330
2314 1685
2439 664
1511 2015
1511 1364
1511 844
1511 12
2571 1153
2571 879
1196 1825
1196 2058
1196 1239
1196 1534
2288 351
2288 1605
2288 917
2288 1522
2288 1755
2288 1564
2288 795
2288 897
2288 1231
2288 967
1894 22
1894 337
2027 22
2027 2691
2027 50
2027 211
2027 1101
2295 853
2295 1241
938 1616
2524 2436
2524 1561
2524 2341
2524 306
2524 1797
2524 2136
21 1066
21 365
1007 1066
1007 1778
1120 348
1120 2434
1120 2453
2125 235
2125 1572
2125 2081
857 598
1324 598
2308 598
2308 857
2308 1324
1501 1438
1501 2410
1501 1678
1501 2057
1501 1155
2286 2395
2286 355
2286 2611
2286 444
1092 1538
1092 1450
1092 1033
157 1946
157 2006
2129 1014
480 1014
1721 265
1721 1890
1721 1938
1721 2221
2210 908
2210 1073
2210 839
2210 1036
2210 1001
2210 2248
885 908
885 839
885 2248
207 1584
207 2551
2398 2408
2398 1038
484 392
484 1722
484 1994
484 865
484 605
484 1510
484 2613
484 623
484 930
669 2655
589 175
589 1115
589 1709
589 883
589 2507
589 2622
589 1312
589 465
589 2514
1999 2356
1999 1652
170 2356
170 1652
981 1717
634 408
634 1
634 2336
771 356
771 634
771 759
771 2336
2562 1717
2562 356
2562 759
759 1717
759 356
759 634
759 1855
759 2336
2080 1980
2080 862
1969 1359
1969 1252
1969 329
1969 1990
1969 1759
1969 2205
1969 415
1969 1840
415 1252
2343 2062
2343 2039
2343 762
762 259
762 2062
2331 1167
2331 493
2331 2631
2509 285
2509 2542
2537 2391
1415 2641
364 2641
301 2691
301 1342
1960 1602
1960 2691
1960 1342
327 1293
327 984
327 2113
327 173
327 1785
327 618
327 2065
327 2449
327 2360
327 2648
327 1866
327 2553
327 2220
327 915
327 1057
327 458
327 354
327 1426
327 782
327 785
327 2537
327 1298
327 1981
123 1808
123 1801
123 158
2268 12
1260 1505
1260 994
1260 2124
1260 993
1260 2673
1611 671
2497 69
1483 69
1483 2634
1483 693
1483 834
491 1157
491 1428
1298 1157
1298 2198
1298 735
1298 1559
1298 943
1298 2446
1298 1981
335 931
335 2548
335 804
744 2548
744 1355
558 2271
558 84
558 278
558 2449
558 2360
558 2648
558 1866
558 315
558 668
558 2387
558 1426
558 174
558 797
558 910
558 2228
558 965
2667 2093
2667 1553
1844 2093
1844 1553
1398 1635
1398 2286
1398 2531
1398 2668
1398 2505
181 1235
1727 982
1727 1138
1727 677
1727 224
3 2170
3 841
568 1072
380 496
380 2452
380 2352
380 1431
380 532
2136 306
1950 2598
1950 2700
1950 1871
1950 365
1631 2423
1631 567
1609 199
2046 2629
2046 1532
2046 559
2046 1156
2046 1388
1715 2051
1715 2004
1715 689
1715 2056
1715 2371
1715 702
1715 436
1715 631
1715 835
1715 2229
1715 791
1715 442
810 392
810 1722
998 2066
998 2543
2502 404
2502 62
2502 1306
1626 97
1840 1759
1840 1146
1784 101
52 2078
52 2652
52 2695
52 101
791 2075
242 163
1114 1804
1114 2222
1114 23
2106 449
2106 902
237 1315
2394 453
2394 330
2394 507
2394 1280
2394 2499
1494 898
844 1634
2326 949
2326 189
920 464
1414 2570
1414 1039
1414 644
1414 1444
1414 1848
1414 394
801 100
801 1910
801 286
801 2307
801 326
801 394
1889 2078
1889 2695
2167 2078
2138 182
1419 15
509 2588
186 1728
186 1328
186 15
1983 2588
1297 240
1297 337
1297 2109
742 1901
1888 1901
1536 1747
1177 326
1177 1536
2480 1165
2480 1630
2480 1441
2122 302
2122 2065
2122 2648
2122 313
2122 1227
1443 313
1443 797
1227 2065
1227 1713
1981 1298
2132 964
2132 1812
2132 2266
819 366
1815 196
1815 2369
1815 361
2359 1438
302 2329
302 2653
1437 1005
1602 2423
1602 93
2590 1199
1199 508
1199 216
1199 2375
1731 470
2580 470
645 2580
645 1592
645 1640
645 90
1776 869
140 2655
379 2655
535 1240
1691 535
1691 1240
1538 1858
1538 1092
478 1053
478 1022
478 1819
478 2457
478 320
1100 120
1100 2113
1100 836
1100 1868
1100 625
1100 2554
1100 147
1100 2476
1100 408
567 654
567 1959
654 1959
1835 1959
1835 1179
1316 1282
1476 1282
1476 809
2633 196
2633 1321
2633 569
1842 196
1842 694
1358 1947
392 900
392 1722
218 1606
939 1692
939 1773
1712 1495
1712 1244
601 1380
601 1145
601 625
601 602
601 2140
601 357
601 1656
601 494
601 2624
2193 489
2193 900
2193 1417
2193 1261
489 2193
489 900
523 2193
523 489
523 124
523 1302
523 2300
1514 2193
1514 1417
1514 1261
1514 59
448 1978
2424 2065
2424 1991
1403 1492
1403 1787
1492 1403
1492 1787
944 1631
1429 1770
2233 24
1504 2385
2291 590
2291 1552
2291 840
2291 1113
2291 1056
1986 907
520 2319
1660 1219
986 2107
2128 1923
376 53
390 1329
390 462
1876 1329
1876 277
1876 2527
1876 885
894 2619
2227 29
2227 883
2227 2070
1774 139
1774 1145
1774 2307
1774 2554
1774 357
1774 494
733 2307
733 2554
2307 2554
2058 171
1216 2140
906 1216
2501 49
2501 383
2501 1784
2501 1889
1575 1190
1575 940
1190 940
936 410
739 410
1357 638
1357 1166
872 847
872 1147
872 456
1696 955
1696 456
6 39
330 507
