533 2031
533 1423
533 546
533 2180
2489 419
2489 840
2489 2035
2489 466
2489 921
1098 1816
1098 2035
1448 1799
1448 160
162 821
162 482
162 1067
2306 1927
2306 540
2306 2137
2306 1067
2306 1948
2306 162
2306 262
2306 2542
1635 1304
479 1876
479 705
479 2527
479 1001
2528 1658
2528 2206
2528 2573
2528 712
2528 444
2528 220
2528 513
2528 1260
2528 438
2632 1799
2632 763
2632 907
2632 347
2632 533
2632 518
2632 867
2229 934
1386 688
1386 2000
1954 1903
1954 274
2431 1437
2431 1051
2431 2000
2431 2179
2431 1996
2431 206
2431 1300
2431 1386
725 824
725 1498
367 1482
367 124
367 605
367 1510
367 91
367 1128
367 2461
367 1646
367 2042
2104 2381
2104 2484
2104 2187
2104 1510
2104 2461
2104 1646
2104 817
2104 1708
2672 684
2672 2092
2672 960
2672 2377
2672 2022
2672 2080
2022 1699
2022 684
2022 2465
2022 711
2022 719
2022 2696
2022 146
2022 2377
2022 1044
1473 699
1473 2071
1473 1624
1473 703
1473 2091
1473 2426
1473 1035
1473 2377
1473 2289
1473 813
1597 1036
1597 1813
1364 1847
1364 169
1364 1940
1364 2664
1364 1634
1364 844
518 26
518 2175
518 1941
518 2279
518 225
90 2327
90 1731
90 355
90 2488
90 236
90 426
90 2047
90 2664
1586 963
1634 1941
2451 1579
2451 29
2451 1956
2451 2236
2451 395
179 2625
1542 1662
1542 653
1542 47
1542 161
1542 391
2096 151
2096 188
2096 951
2096 1943
188 1943
2309 1943
951 188
951 269
951 1943
1766 1685
1766 1725
1766 1617
1766 2274
1766 1340
1766 2413
1766 2469
1328 1728
1328 1419
2039 259
2039 1270
2039 1033
2039 2062
2039 2255
2039 762
2255 1681
2255 1046
2255 1270
2255 1033
2255 2062
2255 2272
2255 2039
640 524
640 325
1311 1687
1311 2157
1311 1424
1311 1987
1311 446
1311 2273
1311 639
2531 1944
2531 1076
2531 728
2531 2117
2531 2244
2531 329
2531 2496
2531 295
2531 1475
2531 2611
2531 1412
2531 573
2531 1559
2531 2483
2531 1917
2531 1965
2531 2223
2531 2530
2531 43
2531 1863
2531 657
2531 977
2531 934
2531 479
2531 2480
1182 1890
1182 1079
1182 1097
1182 2270
1182 1721
319 297
319 730
319 1832
319 382
1082 127
1082 297
1082 2147
1082 298
1082 966
1082 2504
1082 382
1082 319
681 1967
681 1864
681 1246
681 497
681 346
1411 1246
1411 497
721 87
721 911
1160 2471
1160 87
2163 2471
2163 87
2668 2423
2668 2471
2668 87
2668 501
2668 734
2668 2222
2668 1203
2668 114
2668 2055
2668 2024
2668 1977
2668 1885
2668 513
2668 199
2668 1609
1509 675
670 1666
670 1036
109 1666
2399 1100
2399 1549
2399 2679
2399 2585
2399 760
2399 1192
2399 765
1220 596
1220 48
1220 1874
1220 773
1220 1838
1220 1194
1220 2679
1220 765
1837 2329
1837 96
1837 2679
1837 2585
1837 1854
1837 868
1837 765
765 1549
765 2444
765 735
765 2679
765 2585
1229 1463
1229 852
2655 140
194 140
194 1132
194 2655
814 1765
814 1752
918 208
918 1042
2336 1717
2336 356
438 579
438 1523
438 767
438 989
438 1440
1268 865
1268 980
1268 1635
2238 1295
2238 1851
2238 520
2238 924
2238 1744
2238 1845
2238 2049
2238 1228
2238 2031
2238 2432
2238 1287
2238 1434
2238 574
2238 533
2238 541
2238 2680
2238 1998
2238 1891
2238 1844
1668 348
1154 2238
1154 1477
1154 459
1154 1975
1154 1702
1154 17
1154 1831
1154 723
1154 24
1154 531
1154 1132
1154 1269
1154 193
1154 755
1154 194
2656 348
2656 1369
2656 706
2656 636
2656 387
2656 2243
2656 946
2656 2349
2656 1391
2656 162
348 352
1369 2243
1369 60
1769 2178
1769 2291
1769 2121
1769 667
1769 747
1769 2668
1213 1278
1213 75
1213 107
1213 1892
1213 1636
1213 2578
1213 76
1213 1187
1213 1308
1213 1090
1213 276
2521 636
2521 404
2521 416
2521 2496
2521 1709
2521 2529
2521 2483
2521 550
2521 444
2521 1399
2521 1863
2521 1350
2521 2163
2521 1955
2260 2656
2260 2521
2260 423
2260 2617
2260 2572
2260 2
2260 2396
2260 2024
2260 2478
2260 2668
2260 2505
2204 748
2204 2393
577 983
2354 1942
2354 922
2354 1469
2354 1401
1151 1125
1322 584
1322 388
1322 1255
1322 1267
1322 281
1322 1286
1322 1965
1322 2321
1322 633
2011 317
1125 1151
1125 1165
1125 1913
1125 2280
1125 1676
329 274
329 2192
329 1969
1290 2596
2694 2575
2694 1794
2084 75
2084 508
1122 56
1122 2503
1122 902
566 1150
566 1235
566 889
566 2246
566 1918
566 2084
566 1850
566 2608
566 881
566 1027
566 543
566 838
566 1565
566 293
566 1880
566 14
566 4
566 2040
566 2192
566 263
1566 1363
682 1688
682 75
682 508
682 1628
682 2151
682 2084
682 1949
682 1577
459 2233
459 56
459 193
1975 2596
1975 2694
1975 2575
1975 723
1975 635
1975 2138
2575 56
2575 969
1702 1477
1702 566
1702 1132
1702 225
1702 2670
1702 1269
1702 669
1850 2084
1118 1199
1118 75
1118 508
1118 2084
969 56
969 1794
1207 1712
1207 1244
1207 1861
1207 1843
1207 1456
1207 1603
1207 2595
1207 1008
1207 1048
130 618
130 1379
130 1111
130 718
130 2142
130 1348
1143 1379
1143 2405
2703 645
2703 2373
2703 1688
2703 1628
2703 2694
2703 682
2703 1975
2703 1702
2703 803
2703 756
2703 1379
2703 2522
2703 2173
2703 635
2703 1132
2703 2670
2703 1635
2703 1269
2703 193
1864 368
1864 1379
1864 2153
2491 1687
2491 2236
2491 1775
1505 1054
1505 2541
1505 1294
1505 641
1505 2649
1505 1807
1505 882
1505 1194
1505 626
1505 267
1505 994
1505 993
1505 1508
1505 1169
1505 294
1505 2673
1505 288
1505 1260
1505 765
960 684
960 711
960 719
960 2328
960 1044
960 2672
960 2022
960 2080
2328 684
2328 330
2328 146
2328 2289
2328 1044
2328 2672
2328 2022
1750 1180
588 2048
588 384
2016 2564
2016 2182
2277 1725
2277 2214
2277 2182
260 2358
260 451
451 2358
451 1902
2152 2358
2152 1902
2152 451
2152 1560
2152 1014
2152 2351
2152 1390
2462 1530
2462 1902
925 2137
1167 493
1167 2631
1167 1611
493 1147
493 1696
493 1611
493 456
2631 1323
2397 1147
2397 1323
2397 1696
2397 2631
2397 955
2397 671
2397 456
826 1563
826 1323
826 1582
826 63
41 1906
41 492
41 911
62 2443
62 2535
62 1034
62 580
62 1335
2535 300
973 1625
44 1315
44 1644
115 2643
2361 1293
2361 2065
2361 2449
2361 2360
2361 1866
2361 1059
2361 313
2361 13
2361 1023
2361 2122
2361 1227
409 843
358 843
358 2098
504 630
504 350
504 1153
504 879
504 1735
504 2571
1153 630
1153 350
1153 615
1153 879
1153 1735
1153 2571
227 630
227 350
227 615
227 1153
227 879
227 1735
227 2571
879 630
928 2339
928 763
928 2565
928 1777
2389 2339
2389 908
2389 32
2389 1395
2389 2248
2389 1466
168 2339
168 653
653 2339
653 2248
1760 688
1760 233
632 2681
632 1525
1831 2238
1831 1154
1831 2373
1831 2240
1831 26
1831 2206
1831 459
1831 2703
1831 898
1831 417
1831 142
1831 1027
1831 1121
1831 1661
1831 225
1831 669
1831 1715
1831 2655
1831 194
2583 1121
1958 757
741 2646
741 137
741 2674
741 1738
741 1671
741 1410
741 2247
1671 2479
1671 137
2296 2215
2296 1610
2296 1976
2296 1498
2400 1817
2400 2215
2400 1642
2400 1140
2400 795
2400 1107
1782 2381
1782 2374
1782 2215
1782 338
1782 1828
1782 1610
1782 1976
1782 793
1782 1642
1782 1140
1782 2546
308 272
308 1111
308 718
308 2142
308 1474
308 2402
1379 410
2126 1103
1111 2365
926 1184
926 1751
926 261
926 718
926 1321
718 926
401 189
401 2365
401 1864
401 718
1568 2633
1568 1184
1568 1103
1568 2264
1568 516
1568 189
1568 1143
1568 2378
1265 474
1265 1805
1265 1937
1265 425
1265 585
1265 1707
1265 2098
1265 1585
1265 1571
1265 854
1265 732
1265 592
290 1310
290 2111
290 2098
909 1911
909 2413
909 398
909 2564
909 1083
909 2403
909 1608
2564 1994
2564 865
2564 1083
2564 2403
2564 1608
250 1935
250 858
150 1245
2137 1927
2137 1144
2137 821
2137 482
2137 1560
2137 2375
2137 1376
2137 262
2137 2542
2468 1927
1857 1927
1744 2565
1744 32
1744 2031
1744 2236
1744 1287
1744 1395
1085 678
1085 2680
502 67
1387 2363
620 2278
841 3
304 1003
304 1123
304 3
426 2327
426 4
426 600
2617 586
2617 426
2617 4
870 430
870 129
870 1175
1353 1217
1353 2319
1239 1196
9 1316
9 2330
9 2058
9 467
9 1239
9 1376
9 171
9 2042
9 2127
9 2300
9 1196
9 415
9 263
310 1352
310 312
310 352
363 1669
363 2330
363 2245
1966 2245
1966 1095
2208 2293
2208 2245
1021 821
1021 2383
1021 262
1021 2509
224 1138
224 677
224 2383
2401 974
2401 1072
2401 2032
2401 568
707 2240
707 2087
707 53
707 2617
707 1920
707 1208
775 69
775 2647
775 1455
775 261
775 1793
775 1069
775 1662
775 222
775 1533
775 957
775 1149
775 2123
775 2412
775 580
775 2259
775 434
775 112
775 2593
775 2474
775 1288
775 428
775 377
775 2482
775 188
775 951
775 2230
775 2497
775 1161
775 1152
775 30
775 1004
2606 1902
2606 1106
2606 1901
2606 2544
2606 742
101 383
101 2517
101 52
1371 101
1371 1784
1371 52
1371 1889
2145 52
2145 2706
2572 73
2572 2385
2572 2652
2572 1719
2572 1929
2572 314
2572 64
2572 1521
2572 1250
2572 1091
2572 2342
2572 275
2572 1589
2572 2362
2572 525
2572 2422
2572 2142
2572 1763
2572 1338
2572 752
2572 1362
2572 52
1830 2420
1830 2335
2576 2420
2576 1524
2576 1295
1644 2420
1644 1104
1644 968
1644 876
1644 1742
1644 431
1644 1766
545 2139
545 728
545 1284
545 61
545 1224
545 347
545 1773
545 977
61 1224
2522 1900
2522 1360
2522 1690
2522 2694
2522 2575
2522 969
2522 17
2522 2173
2522 35
2522 182
2522 2138
2173 1900
2173 1690
2173 1290
2173 2694
2173 2575
2173 969
2173 2522
2173 182
2173 2138
2156 2661
2156 1941
1940 2015
1940 1847
1142 375
1142 2506
1142 2379
1142 2507
1142 2622
2379 706
2379 404
2379 375
2379 2507
2379 2622
2379 2566
334 1529
1518 1979
1518 1380
1518 2458
1518 1258
1518 1339
1518 1218
1518 74
1518 2704
1518 1084
1518 1039
1518 2454
74 1979
74 1380
74 1258
74 2454
547 1130
547 2410
547 1500
547 512
547 1211
547 1678
547 2057
547 1155
2611 1076
2611 2362
2611 1965
2611 2223
2611 2530
2611 479
1412 1769
1412 939
1412 1692
1412 2178
1412 2010
1412 590
1412 2346
1412 2491
1412 826
1412 2549
1412 2518
1412 667
1412 2002
1412 996
1412 1773
1412 2676
1412 2632
1412 2229
1412 2326
2518 1769
2518 2178
2518 667
667 1769
667 2178
1590 866
1590 2429
1801 2020
158 2020
1736 636
1736 404
1736 2020
1052 2020
439 240
439 907
439 337
1778 365
1778 1007
365 527
365 1066
365 72
365 21
365 1950
184 2162
184 191
184 2544
184 1661
184 710
931 2363
931 1964
931 1387
183 957
183 2393
2393 1461
2393 41
2393 371
2393 1141
2393 183
2393 1873
2393 1955
1822 1486
573 2580
573 645
573 2246
573 388
573 329
573 1592
573 2496
573 389
573 1412
573 2350
573 2273
573 712
573 2192
573 1196
573 491
1742 2357
1742 968
1742 406
2435 1909
2435 632
2435 1545
2237 2130
2237 2629
2237 1532
2677 1617
1877 2293
1877 1063
1877 2162
1877 649
1877 163
1877 740
1877 1572
1877 953
1877 2211
1877 1680
1877 2445
1877 203
1877 1902
1877 2312
1877 291
1877 2606
1877 1432
1877 1694
1877 184
1877 1106
1877 2498
1877 2544
1877 1171
1877 1181
1877 1821
1877 2088
1877 1969
1877 242
1877 1888
2366 893
2366 2105
2366 203
2366 223
2366 1746
2366 2229
783 1215
783 1131
783 167
783 212
783 1607
783 231
212 2068
212 1178
2681 414
2681 997
2681 8
2681 286
2681 1285
2681 1694
2681 1648
2681 2514
883 106
883 908
883 2693
883 2034
883 1587
883 530
2317 1569
2317 1928
895 600
35 1900
35 2033
35 2500
35 2097
2708 500
1607 1709
1607 212
1607 952
1607 231
1363 1794
1363 449
1080 1235
1080 1360
1080 1794
1486 1172
1762 1428
1762 1967
432 1378
432 2589
1467 1457
2350 1917
2350 1311
2457 800
2457 1819
2457 1530
2457 1351
320 1530
37 820
37 1512
37 402
37 2689
37 46
402 649
402 2230
1203 736
1203 826
1203 2222
1203 114
1203 606
1520 820
1520 2072
1520 402
531 2233
531 17
531 24
635 1360
635 1975
258 1358
258 1921
258 1961
258 2581
258 349
258 2006
258 961
258 1208
258 157
2498 1358
2498 376
2498 2617
2498 184
2498 2581
2498 349
2498 2006
2498 961
2498 1208
1370 2576
1370 349
1370 1948
2581 349
768 1687
768 1524
768 2693
768 2291
768 970
768 2549
768 573
1158 1394
1158 1733
1569 2600
1569 1641
1569 731
2165 1830
2165 164
396 706
396 1595
1384 1550
1384 1543
1384 1596
349 1358
349 2335
349 2006
349 1208
1491 1754
1491 2706
554 799
764 1725
476 2644
476 1563
476 1803
476 63
476 33
476 1714
476 903
476 1508
626 2541
626 641
626 476
626 33
626 1508
626 288
2140 601
2226 1946
2226 2075
2226 540
2226 2016
2226 1236
2226 2165
2226 2469
2226 519
2226 1233
2226 121
2226 1596
2226 2588
912 829
1739 202
1739 1972
1739 1016
1470 1725
1345 2055
529 256
529 1370
529 1350
529 1233
337 240
337 907
337 1277
702 791
570 1964
570 931
2258 1963
2258 582
2258 2409
2258 385
2258 1419
195 2016
195 519
1673 2368
1673 2614
1673 2469
1673 1531
495 216
495 1728
495 2234
495 166
495 1328
495 15
701 2197
701 2409
543 1663
838 1150
838 1565
1887 566
1887 2608
1887 2294
99 2476
99 1638
99 2014
666 1316
666 2381
666 1417
666 1610
666 430
666 2195
666 2300
666 2319
666 263
430 2584
430 190
2568 1598
2568 2463
2568 2406
2568 2263
2568 272
2568 1554
2568 2297
2568 411
1554 2234
443 2234
443 91
443 2419
443 2104
2199 832
2428 2388
2428 2297
2428 2474
2428 2270
2483 1215
2483 1131
2483 167
2483 1695
2483 1913
1920 53
511 820
1368 1903
1368 498
2618 2654
2618 1246
2578 107
2578 76
2578 276
76 276
1187 1213
1187 1468
1187 75
1187 740
1187 141
1187 107
