330 2499
680 2525
777 177
777 2525
1327 1000
2494 1209
2494 1760
2494 1853
1533 1069
1533 368
1533 2348
1533 1149
1533 580
1533 2369
1533 1288
1533 428
2197 373
2197 1233
2197 145
2092 2696
2092 2672
1037 2705
17 1900
17 35
2445 985
2177 1201
2177 1595
2177 807
2177 398
2177 1334
585 1301
585 290
822 613
1281 613
1281 822
599 1476
1282 1476
1282 377
2235 1476
2235 809
2235 1019
1017 1476
1017 599
809 1476
809 2235
809 1571
809 1019
809 592
1807 706
1807 267
1807 1169
972 1537
972 424
1383 2556
65 2116
1803 1714
336 1496
336 1479
336 745
745 1496
745 1479
578 1792
203 1746
2406 272
2406 47
1899 47
2234 1390
1006 1390
1902 1390
10 959
10 1010
10 743
2675 1024
1859 2264
1859 1618
1859 1025
914 2633
914 516
83 2633
83 516
83 1618
1618 2149
927 2149
927 1618
1475 2117
1475 295
1475 43
651 643
2262 1393
1865 2274
1865 587
1865 1340
1710 2271
1710 2169
1710 2310
811 160
811 2310
811 542
811 2537
1066 72
1406 527
1406 72
1703 1778
72 2605
72 1871
2601 1778
882 1294
882 267
882 1169
80 846
80 2101
80 680
80 159
80 1182
665 1597
318 665
318 1813
318 1597
2290 2110
941 931
767 2573
1275 767
1275 2573
989 767
559 365
559 1388
932 1944
932 2536
932 987
932 1757
1272 1944
1272 1341
1272 2667
2231 348
2231 2434
2231 1383
2231 2453
2231 1120
1978 1935
1978 250
2164 1030
2164 1408
2164 2191
2164 1238
2164 2546
2164 1840
730 1750
42 414
1264 658
1264 866
2523 352
1209 2264
1209 1856
1209 914
1209 1191
1033 1450
2570 805
2570 722
815 1293
815 1684
815 152
815 804
815 2009
815 785
815 634
1059 1293
753 1746
840 1818
1871 2598
1871 2605
1871 72
2196 579
2196 823
2196 281
2196 1615
2196 1298
1317 2330
1240 535
507 2499
2441 1020
2362 2680
2263 345
2263 2297
1695 717
1339 2458
1339 1674
1339 2043
1339 522
1339 1518
1339 2427
2312 578
2312 1181
291 2105
291 750
291 2544
1113 840
1113 1818
1113 1056
962 2252
962 2200
2202 1728
2202 1328
2202 15
1285 229
1285 2161
1285 950
1915 2686
1915 2043
1407 386
1407 85
1202 359
1243 623
1640 2488
827 1614
1307 1176
803 216
803 1307
803 1099
315 2417
315 797
371 1461
371 2393
1893 2281
1893 79
1893 1599
1893 31
1893 563
1893 2030
1893 975
1893 1289
1893 2144
2614 2075
2298 2555
2298 1105
2298 1580
1580 2555
1580 1105
1580 2298
1987 1424
1987 724
1987 1382
1987 296
1987 1764
1987 360
2044 2299
2044 721
2608 2294
2294 2608
2294 881
447 1617
1456 1861
1456 1843
1456 1761
1456 1802
1062 1206
881 1027
756 1635
605 2042
924 2238
2301 36
1675 1047
1675 1919
1675 1622
1919 1047
1919 1622
1417 1261
1417 340
1686 2701
1686 2210
923 1013
1639 933
1639 727
1639 98
727 933
727 687
727 1639
727 2325
2637 2256
2637 23
2637 2127
2637 129
2637 1175
2591 177
2169 2310
450 1606
2285 2646
2285 137
1957 2033
1957 2500
1957 35
2315 1903
1693 1727
2696 2465
2696 719
1210 2465
1210 719
1127 5
1043 1487
1043 1749
1043 2638
1043 2477
467 2058
505 646
505 244
333 505
333 244
2069 2329
2069 1266
2069 965
1246 346
217 2633
217 516
217 1319
217 2313
1410 1986
1410 1738
1410 2247
2459 1733
874 1273
249 1273
249 2417
705 2327
705 1876
705 277
705 2527
705 885
2635 2557
2635 1526
2005 2557
1718 866
1718 899
1718 1264
2516 1450
2516 614
2516 1033
2516 1123
486 1033
298 922
131 1796
1709 833
833 1829
833 1178
761 1838
1519 1109
1519 1838
1519 1623
1083 1608
957 1995
957 2412
896 514
169 2076
169 2661
169 1941
1351 800
2019 715
2460 772
2460 2539
2460 1198
2460 1452
2460 810
338 1654
338 1828
338 1755
338 1231
1828 1605
389 788
154 1722
154 1302
1810 340
954 1564
954 897
954 1231
2582 1243
1334 2612
917 2061
917 967
2539 2612
2539 1722
2539 340
2539 59
1651 2657
1651 1218
1651 955
2028 2441
2028 1519
2630 1621
2630 1525
446 506
2574 1040
2574 2639
2134 1942
2134 922
2134 1469
2134 2172
2563 1942
2563 922
2563 2134
2563 1469
2563 2172
1469 1942
341 919
341 758
68 688
196 688
196 694
694 688
891 261
891 469
539 848
539 2188
539 648
539 19
539 460
539 700
539 1732
1636 141
1636 2188
1636 460
1636 1849
1277 1574
277 2527
2511 1947
246 1670
246 2401
246 1439
246 974
246 965
1838 48
1432 806
1432 1312
955 1218
1232 714
1232 579
1232 799
1232 1615
1232 2085
988 1101
988 2027
2650 546
2626 942
232 375
232 746
2602 746
1694 1482
1694 189
1694 884
1694 28
1694 2263
1694 2153
1694 1790
1694 1930
1694 1823
2017 1254
552 1079
552 366
552 819
81 1665
81 2082
81 1331
81 1355
81 2467
81 1197
81 999
81 1875
1824 1526
1009 2077
2121 2385
2121 471
417 191
2490 1058
2490 534
2490 503
2490 1232
2490 2220
2490 1057
2490 1089
2490 2604
2490 488
2490 2014
2490 287
2490 2537
2490 2085
1540 126
1540 2490
1540 2220
1540 1057
1540 743
1540 25
2353 1860
1276 1860
1883 2066
1883 2543
1603 2438
460 1849
1420 2665
1420 1528
672 2665
672 1528
672 1730
142 2051
281 823
1204 1274
119 1771
119 1865
1808 158
1435 562
1027 969
1027 881
345 1598
345 36
345 2278
345 2540
905 2695
2333 2060
2247 1738
690 991
690 1262
370 2657
370 2209
370 2334
370 1740
370 1536
1541 2551
528 1257
940 1190
485 2473
485 526
485 1779
485 1667
485 2682
485 552
485 2587
485 784
485 2254
485 1812
485 366
485 1183
485 1256
485 2257
485 134
485 1655
485 2052
485 819
2587 252
2587 526
2587 1343
2587 1655
1697 1502
1697 1013
1697 2263
1372 984
1372 2113
966 1401
2416 127
2416 966
2416 1401
2023 1783
1513 916
1513 397
381 324
381 1485
381 1716
1485 1723
1485 324
1485 381
1485 610
1485 1716
1970 1723
1970 324
1970 381
1970 1485
1970 610
159 1890
159 1097
1576 1097
2047 2661
659 738
1106 742
1296 466
2690 2161
2690 477
2690 8
2690 884
2690 28
2690 1035
2690 2369
2690 1648
2690 2344
2690 749
2123 805
2123 2683
2123 1354
2123 1768
1236 2075
1622 1047
1622 1919
2153 1117
2704 147
405 1780
2554 120
2554 2307
510 2008
510 1318
1841 856
1841 2493
1841 117
1841 326
2108 856
1574 262
2278 36
2278 2540
24 2233
1601 1557
2620 100
2620 246
2396 2478
283 184
1679 2365
2283 601
2283 1423
2261 2545
860 2101
860 2525
860 680
2475 1649
1612 619
1305 2271
2553 2271
2553 85
946 387
1682 1447
780 1053
695 1787
695 1724
1119 1455
1126 1455
2569 1455
2569 662
2569 2667
204 85
204 1407
1559 2657
2320 647
2320 2064
2320 1451
1451 647
57 1874
57 773
146 1699
146 1044
146 2022
233 1918
812 680
812 569
812 1159
781 1727
1820 2286
1094 1502
1094 1028
1905 2017
1905 1171
1515 608
1515 1523
506 446
2220 2490
1321 1751
103 1279
103 2052
2112 1279
858 1935
1478 2610
1280 453
1280 1809
1280 330
1280 407
2499 330
2499 1048
2276 422
1247 2068
135 1427
135 874
1991 1595
1991 2609
1991 557
1991 943
1991 1734
1991 2217
1991 1789
1991 789
1991 2224
1991 868
270 359
569 1319
172 1319
2452 2352
2452 532
2352 496
2352 637
2352 532
1431 496
1431 637
1431 2352
1431 532
2507 375
2507 2379
1453 45
2103 880
947 253
1510 124
2622 2379
2252 2200
855 2100
855 443
855 1506
855 2104
487 2251
915 2628
915 1381
915 808
915 2390
646 2068
646 1525
1971 2532
1971 1442
512 1211
1261 1417
2062 259
325 524
325 1659
886 772
2148 963
2287 1336
1880 230
2627 1173
2412 957
2412 183
1313 2414
1313 1374
1528 2665
1159 2219
1159 569
1381 2390
307 1403
1775 1545
1775 1048
1462 2524
2469 837
2469 262
553 548
2212 2225
407 453
407 1280
2688 2563
2000 694
136 1458
2205 1146
2205 1969
2351 1146
830 1146
830 1969
1116 1284
166 1328
1939 1556
1939 241
1917 1913
1797 1523
2053 213
622 1882
622 530
622 1545
2059 1914
1249 1770
842 609
1439 2188
452 292
2355 105
1791 205
1031 1011
1178 1829
1714 1803
1773 939
1773 1692
2382 1061
1931 1869
2595 1802
2595 2607
2142 1110
2142 878
679 2329
679 2653
2299 236
1767 2214
713 2181
1008 1244
1008 377
213 2053
411 2406
1148 2203
2272 1270
943 2283
561 1690
481 972
1481 1249
1464 2653
1464 956
1123 571
1018 1489
1018 368
1018 662
1018 400
1474 972
2143 890
104 1225
104 2118
2377 862
79 2216
1245 1238
1245 2022
2042 1128
992 91
2310 2169
1813 1446
673 1346
2012 904
483 904
147 904
1084 904
1084 974
709 2300
1653 2552
1653 2307
55 1674
55 2427
722 1041
722 1071
722 652
1734 1041
1734 1071
1734 652
1734 929
1734 1854
1734 1023
1734 332
1734 51
1734 868
542 1071
542 1898
542 2492
2615 729
458 2119
458 2018
458 1426
458 2232
1788 1588
1522 198
1997 2660
266 419
266 2566
266 2225
2566 1867
2225 419
921 419
1867 176
1755 1522
1741 2662
1741 322
2651 261
2651 2525
1140 1498
339 597
339 1140
339 795
339 1107
798 1389
129 1175
1175 129
2321 633
1564 795
1564 1107
1996 206
1996 1840
248 2546
1599 1893
31 210
31 309
210 31
563 2281
2030 31
2030 210
975 2030
2318 2030
2318 975
1289 1893
1289 1599
2141 1422
2141 31
2141 792
716 374
716 2141
716 792
1632 1846
1632 2191
1632 792
792 2323
206 1996
1064 2159
1064 255
1732 2188
1732 700
752 525
752 1362
1362 525
903 1459
2540 36
2604 503
2604 96
132 1248
2456 2265
2456 1749
2456 421
2456 1043
2456 2477
2018 458
2018 1426
2018 2232
1234 1544
2526 1836
2526 999
488 906
488 1445
488 1988
488 1012
488 2114
488 2009
488 2228
488 801
804 691
804 662
408 1868
294 1674
294 2427
710 2648
710 1012
2538 503
2538 2378
2538 2604
1426 173
2472 1836
1836 2603
1650 851
1650 978
280 2185
929 2060
964 2266
1812 2266
366 526
366 784
366 2257
366 134
366 2132
2266 1812
1332 964
1332 1812
1656 139
1656 1145
1656 602
1656 1139
1656 357
1656 494
751 139
751 625
751 494
1638 2586
1638 2150
880 357
880 1740
880 1600
880 2168
2624 1656
1445 2586
1445 2150
1445 1841
1445 1484
1445 326
2425 836
621 2187
621 2133
600 1945
1471 1945
633 2321
623 930
1055 1073
1055 1001
1001 1073
2689 839
2248 839
1002 117
1002 264
117 264
264 117
1081 2586
1081 2150
1081 1039
2207 2586
2207 2150
437 2209
1015 2552
797 1613
148 2054
148 1484
148 1848
2685 1740
418 1012
2594 974
1740 245
1740 974
1072 568
2032 568
1988 850
1600 2168
2168 1600
1848 2054
1848 2045
243 2045
243 1848
2364 2054
2013 503
2013 1768
2269 1683
2623 555
720 602
720 1139
845 1785
845 71
845 892
228 372
25 126
2114 2009
2114 785
2009 785
782 618
782 1628
1223 2437
2172 922
2172 2134
465 175
828 1716
1907 197
427 1704
2485 521
1087 54
1087 551
1087 697
1087 1050
697 54
697 1050
1050 551
234 1938
234 2221
1279 2221
1344 1527
715 1933
715 2019
121 1596
1355 2467
1355 1875
1436 1263
2593 2467
247 1869
397 693
429 1506
429 2474
1664 102
463 2303
556 1627
1627 556
461 208
461 89
461 692
461 1664
461 463
1042 692
1042 2174
1042 102
2174 2440
2217 2224
1789 2224
789 2609
910 2553
530 1572
530 2081
1181 2081
1181 776
1181 2470
1303 2560
901 603
901 2311
901 1265
1392 2144
1134 474
1134 1805
1134 1571
1134 854
1134 299
1134 592
1086 2447
1086 38
362 1134
165 2495
165 1805
165 816
165 425
165 1881
165 1086
165 656
165 576
165 1188
165 239
165 592
165 1834
165 1745
1430 1753
1430 2166
2166 1753
1707 2640
2098 1237
2390 2628
1585 1805
1585 1402
1585 2155
1585 425
1585 2621
1585 1881
1585 809
1585 1265
1585 165
1585 656
1585 576
1585 1571
1585 873
1585 1129
1585 1019
1585 592
656 425
656 2621
656 809
656 1265
656 1585
656 1571
576 1585
2003 1238
2003 1930
942 343
1798 942
1571 1805
1904 156
581 156
413 1402
413 1129
299 2311
299 854
873 2311
873 2067
873 38
873 254
254 2067
254 38
1129 816
1129 2155
1129 2621
1129 576
1129 1019
2086 1937
2086 156
156 1292
1188 816
1188 1834
1188 1745
2144 1408
1756 1408
1756 2144
1135 156
2216 1019
239 816
239 254
1019 809
592 1473
2095 1473
1834 1745
1745 1834
209 2007
1854 1041
1854 652
1854 332
1102 445
1102 2532
1102 2337
1102 332
332 445
332 51
1133 652
868 929
1643 685
1643 1578
1578 796
1578 685
1578 1643
1578 1729
1729 796
1729 1643
1400 903
754 1397
1288 1069
1873 1069
1873 1533
428 1069
2102 1020
2102 20
1623 1109
795 2061
795 917
238 2666
1056 1552
604 138
604 704
704 138
704 604
403 2345
1179 859
5 1835
611 1251
1044 684
862 2377
2118 1870
1454 750
1454 305
1454 257
1454 884
1454 28
2088 305
1823 490
776 305
776 884
776 28
776 490
776 2470
2470 305
2470 257
2470 490
2470 776
1648 1472
2253 1472
2253 1648
2344 1472
108 1786
153 1786
153 108
340 59
322 59
59 340
2645 2482
2607 1802
16 2595
16 2607
2089 1321
66 378
591 2100
1319 569
1248 132
1248 1024
1256 1667
2257 784
2257 2254
2257 1183
2257 134
382 2099
2029 1781
818 1375
979 917
128 1654
128 1620
128 1828
128 897
128 1231
897 1564
897 967
1107 2115
1107 1654
1107 338
1107 1564
1107 979
70 2348
565 1826
565 1152
517 1662
2184 1110
1 311
1591 698
1591 727
2316 1939
2316 241
2325 1637
2513 806
2513 2525
2513 1594
241 1939
1655 1343
282 433
455 1700
455 1806
455 2313
455 251
455 143
455 683
2313 455
2313 251
2313 683
251 455
251 683
143 455
2592 2218
2037 2380
303 2282
303 151
303 560
1163 151
1163 560
2230 151
2230 560
2230 468
269 151
269 560
269 468
269 1163
683 1700
268 660
2232 354
2415 1743
2026 81
999 81
2699 674
1074 1373
2052 1896
328 775
328 1161
328 2486
187 775
187 328
187 1161
187 2486
1161 775
1161 2486
2481 515
2486 2481
12 1847
